    0.1016
    0.6000
    0.1015
    0.6000
    0.2034
    0.6000
    0.2822
    0.6000
    0.6000
    0.6000
    0.6000
    0.1760
    0.6000
    0.6000
    0.1858
    0.6000
    0.1015
    0.6000
    0.1760
    0.1882
    0.1996
    0.1020
    0.6000
    0.2142
    0.1760
    0.6000
    0.6000
    0.6000
    0.2402
    0.6000
    0.2142
    0.1760
    0.1022
    0.1761
    0.1737
    0.1760
    0.1022
    0.6000
    0.1022
    0.1017
    0.1720
    0.1767
    0.1761
    0.6000
    0.6000
    0.6000
    0.2077
    0.1020
    0.6000
    0.1017
    0.1006
    0.6000
    0.6000
    0.6000
    0.6000
    0.1022
    0.6000
    0.6000
    0.6000
    0.1777
    0.2824
    0.6000
    0.2824
    0.6000
    0.6000
    0.6000
    0.6000
    0.6000
    0.6000
    0.6000
    0.6000
    0.6000
    0.6000
    0.6000
    0.6000
    0.6000
    0.6000
    0.6000
    0.6000
    0.6000
    0.6000
    0.6000
    0.6000
    0.6000
    0.6000
    0.6000
    0.6000
    0.6000
    0.6000
    0.6000
    0.6000
    0.6000
    0.6000
    0.2417
    0.6000
    0.6000
    0.1760
    0.6000
    0.6000
    0.6000
    0.1022
    0.2510
    0.6000
    0.1011
    0.1022
    0.2385
    0.6000
    0.1761
    0.1017
    0.6000
    0.6000
    0.1015
    0.6000
    0.6000
    0.2372
    0.6000
    0.6000
    0.6000
    0.1022
    0.1006
    0.2402
    0.2778
    0.2142
    0.2753
    0.6000
    0.6000
    0.6000
    0.2409
    0.6000
    0.6000
    0.6000
    0.6000
    0.6000
    0.6000
    0.6000
    0.6000
    0.6000
    0.6000
    0.6000
    0.6000
    0.6000
    0.6000
    0.6000
    0.6000
    0.6000
    0.6000
    0.6000
    0.6000
    0.1015
    0.1016
    0.1022
    0.1015
    0.6000
    0.6000