y=[91 98 80 82 73 88 67 77 87 60 97 82 74 81 83 79 70 60 71 80 89 73 77 91 ]
x1=[0 0 0 0 0 0 0 0 0 0 0 0 0 0 0 0 0 0 0 0 0 0 0 0 ]
x2=[0 0 0 0 0 0 0 0 0 0 0 0 0 0 0 0 0 0 0 0 0 0 0 0 ]
x3=[0 47 0 0 0 0 0 0 325 0 107 96 0 27 0 16 0 0 0 693 528 667 0 0 ]
x4=[0 0 0 0 0 0 0 0 0 0 0 0 0 0 0 0 0 0 0 0 0 0 0 0 ]
x5=[0 0 0 91 0 0 0 0 0 0 0 0 0 27 0 0 0 0 0 0 0 0 0 0 ]
x6=[0 0 0 0 0 0 0 0 0 0 0 0 0 0 0 0 0 0 0 0 0 0 0 0 ]
x7=[0 0 0 0 1 1 0 0 0 1 1 0 0 0 1 0 1 0 0 0 1 1 0 0 ]
x8=[0 0 0 0 0 0 0 0 0 0 0 0 0 0 0 0 0 0 0 0 0 0 0 0 ]
x9=[0 0 0 0 0 0 0 0 0 0 0 0 0 0 0 0 0 0 0 0 0 0 0 0 ]
x10=[0 0 0 0 0 0 0 0 0 0 0 0 0 0 0 0 0 0 0 0 0 0 0 0 ]
x11=[0 0 0 0 0 0 0 0 0 0 0 0 0 0 0 0 0 0 0 0 0 0 0 0 ]
x12=[0 0 0 0 0 0 0 0 0 0 0 0 0 0 0 0 0 0 0 0 0 0 429 0 ]
x13=[0 0 0 0 0 0 0 0 0 0 0 0 0 0 0 0 0 0 0 0 0 0 0 0 ]
x14=[0 0 0 0 0 0 0 0 0 0 0 0 0 0 0 0 0 0 0 0 0 0 0 0 ]
x15=[0 0 0 0 0 0 0 0 0 0 0 0 0 0 0 21 0 144 0 0 0 0 0 0 ]
x16=[0 0 0 0 0 0 0 0 0 0 0 0 0 0 0 0 0 0 0 0 0 0 0 0 ]
x17=[212 47 0 0 5 0 0 0 0 0 0 96 0 1 0 55 9 122 0 693 1 667 429 0 ]
x18=[0 0 0 0 0 0 0 0 0 0 0 0 0 0 0 0 0 0 0 0 0 0 0 0 ]
x19=[0 0 0 0 0 0 0 0 0 0 0 0 0 0 0 0 0 0 0 0 0 0 429 0 ]
x20=[0 0 0 0 0 0 0 0 40 0 0 0 50 560 0 55 0 144 0 0 0 0 429 0 ]
x21=[0 0 0 0 0 0 0 0 0 0 0 0 0 6 0 138 0 0 0 0 0 0 0 0 ]
x22=[0 0 0 0 0 0 0 0 0 0 0 96 0 560 0 21 0 0 0 0 0 668 429 0 ]
x23=[0 0 0 0 0 0 0 0 0 0 0 0 0 0 0 0 0 0 0 0 0 0 0 0 ]
x24=[0 0 0 0 0 0 0 0 0 0 0 0 0 560 0 0 0 0 0 0 0 0 0 0 ]
x25=[212 0 0 0 0 0 0 0 325 3 0 96 0 0 251 1 0 0 0 0 537 0 429 0 ]
x26=[0 0 0 0 0 0 0 0 0 0 0 0 0 0 0 0 0 0 0 0 0 0 0 0 ]
x27=[0 0 0 0 0 0 0 0 0 0 0 0 0 0 0 0 0 0 0 0 0 0 0 0 ]
x28=[0 0 0 0 0 0 0 0 0 0 0 0 0 0 0 0 0 0 0 0 0 0 0 0 ]
x29=[212 47 0 0 15 4 1 1 1 1 107 96 13 2 25 59 1 1 0 693 4 668 429 0 ]
x30=[0 0 0 0 0 0 0 0 0 0 0 0 0 0 0 0 0 0 0 0 0 667 0 0 ]
x31=[0 0 0 0 0 0 0 0 0 4 0 0 0 0 0 0 0 0 0 0 0 667 0 0 ]
x32=[0 0 0 0 15 0 0 0 0 0 0 98 0 0 0 0 0 0 0 0 0 0 0 0 ]
x33=[228 0 0 0 16 4 24 4 2 3 109 97 0 0 279 2 2 16 0 703 14 667 429 673 ]
x34=[0 0 0 0 23 0 0 0 0 0 2 97 105 0 0 0 0 0 0 0 0 2 429 0 ]
x35=[228 0 0 2 16 1 11 544 1 3 108 97 0 0 252 2 74 125 0 1 3 669 0 5 ]
x36=[0 0 0 0 23 0 11 0 0 0 2 96 0 0 0 59 0 126 0 0 0 2 0 0 ]
x37=[229 0 0 0 1 7 11 16 345 1 9 97 0 0 2 1 1 16 0 693 3 668 429 661 ]
x38=[0 0 0 0 23 0 11 0 0 0 2 97 0 0 0 0 0 0 0 0 0 2 0 0 ]
x39=[228 0 0 0 1 16 11 16 325 4 0 97 0 0 279 5 0 131 0 0 6 667 0 0 ]
x40=[0 0 0 0 23 0 0 0 0 0 2 97 0 0 0 0 0 0 0 0 0 2 0 0 ]
x41=[0 0 0 0 0 0 0 0 0 0 0 0 0 0 0 0 89 0 0 0 0 0 0 0 ]
x42=[228 0 2 0 1 16 11 1 325 15 107 1 0 0 251 2 5 2 0 693 0 15 429 658 ]
x43=[0 0 0 0 23 0 0 0 0 0 2 97 0 0 0 0 0 0 0 0 0 2 0 658 ]
x44=[0 0 0 0 0 0 0 0 0 0 0 0 0 0 0 0 0 0 0 0 0 0 0 0 ]
x45=[0 0 0 0 0 0 0 0 0 0 0 0 0 0 0 0 0 0 0 0 0 0 0 0 ]
x46=[0 0 0 0 0 0 0 0 0 0 0 0 0 0 0 0 0 0 0 0 0 0 0 0 ]
x47=[1 0 0 0 1 0 1 1 0 1 0 119 0 0 0 0 0 16 0 0 14 2 0 0 ]
x48=[0 0 0 20 1 0 2 544 345 1 0 97 2 0 0 14 0 130 0 694 14 687 429 3 ]
x49=[0 0 0 0 0 0 0 0 0 0 0 0 0 0 0 0 0 0 0 0 0 0 0 0 ]
x50=[228 1 0 0 16 16 0 544 325 1 107 0 0 0 279 6 1 2 0 693 1 1 0 0 ]
x51=[1 0 0 17 1 18 2 0 0 0 1 0 0 4 0 11 1 1 0 1 1 1 0 0 ]
x52=[0 0 0 0 0 0 0 0 0 0 0 0 0 0 0 0 0 0 0 0 0 0 0 0 ]
x53=[0 0 0 0 0 0 0 0 0 0 0 0 0 0 0 0 0 0 0 0 0 0 0 0 ]
x54=[0 0 0 0 0 0 0 2 2 0 0 97 0 0 2 0 0 127 0 2 0 669 0 0 ]
x55=[0 0 0 0 0 0 0 0 0 0 0 0 0 0 0 0 0 0 0 0 0 0 0 0 ]
x56=[0 0 0 0 16 0 0 0 325 0 0 96 0 0 0 0 0 0 0 693 0 686 0 658 ]
x57=[0 0 0 0 0 0 0 0 0 0 0 0 0 0 0 0 0 0 0 0 0 0 0 0 ]
x58=[0 0 0 0 0 0 0 0 0 0 0 0 0 0 0 0 0 0 0 0 0 0 0 0 ]
x59=[0 0 0 0 0 0 0 0 0 0 0 0 0 0 0 0 0 0 0 0 0 0 0 0 ]
x60=[0 0 0 0 0 0 0 0 0 0 0 0 0 0 0 2 0 0 0 0 0 0 0 0 ]
x61=[228 0 0 112 1 0 9 0 0 0 0 97 0 0 251 3 0 7 0 0 1 43 0 0 ]
x62=[0 0 0 0 0 0 0 0 0 0 0 0 0 0 0 0 0 0 0 0 0 0 0 0 ]
x63=[0 0 0 0 0 0 0 0 0 0 0 0 0 0 0 0 0 0 0 0 0 667 0 0 ]
x64=[0 0 0 0 0 0 0 0 0 0 0 0 0 0 0 0 0 0 0 0 0 0 0 0 ]
x65=[0 0 0 0 0 0 0 0 0 0 0 0 0 0 0 0 0 0 0 0 0 0 0 0 ]
x66=[0 0 0 0 0 0 0 0 0 0 0 0 0 0 0 0 0 0 0 0 0 0 0 0 ]
x67=[0 0 0 0 0 0 0 0 0 0 0 0 0 0 0 0 0 0 0 0 0 0 0 0 ]
x68=[0 0 0 0 0 0 0 0 0 0 0 0 0 0 0 0 0 0 0 0 0 0 0 0 ]
x69=[0 0 0 0 0 0 0 0 0 0 0 0 0 0 0 0 0 0 0 0 0 0 0 0 ]
x70=[0 0 0 0 0 0 0 0 0 0 0 0 0 0 0 0 0 0 0 0 0 0 0 0 ]
x71=[0 0 0 0 0 0 0 0 0 0 0 0 0 0 0 0 0 0 0 0 0 0 0 0 ]
x72=[0 0 0 0 0 0 0 0 0 0 0 0 0 0 0 0 0 0 0 0 0 0 0 0 ]
x73=[0 0 0 0 0 0 0 0 0 0 0 0 0 0 0 0 0 0 0 0 0 0 0 0 ]
x74=[0 0 0 0 0 0 0 0 0 0 0 0 0 0 0 0 0 0 0 0 0 0 0 0 ]
x75=[0 0 0 0 0 0 0 0 0 0 0 0 0 0 0 0 0 0 0 0 0 0 0 0 ]
x76=[0 0 0 0 0 0 0 0 0 0 0 0 0 0 0 0 0 0 0 0 0 0 0 0 ]
x77=[0 0 0 0 0 0 0 0 0 0 0 0 0 0 0 0 0 0 0 0 0 0 0 0 ]
x78=[0 0 0 0 0 0 0 0 0 0 0 0 0 0 0 0 0 0 0 0 0 0 0 0 ]
x79=[0 0 0 0 0 0 0 0 0 0 0 0 0 0 0 0 0 0 0 0 0 0 0 0 ]
x80=[0 0 0 0 0 0 0 0 0 0 0 0 0 0 0 0 0 0 0 0 0 0 0 0 ]
x81=[0 0 0 0 0 0 0 0 0 0 0 0 0 0 0 0 0 0 0 0 0 0 0 0 ]
x82=[0 0 0 0 0 0 0 0 0 0 0 0 0 0 0 0 0 0 0 0 0 0 0 0 ]
x83=[0 0 0 0 0 0 0 0 0 0 0 0 0 0 0 0 0 0 0 0 0 0 0 0 ]
x84=[0 0 0 0 0 0 0 0 0 0 0 0 0 0 0 0 0 0 0 0 0 0 0 0 ]
x85=[0 0 0 0 0 0 0 0 0 0 0 0 0 0 0 0 0 0 0 0 0 0 0 0 ]
x86=[0 0 0 0 0 0 0 0 0 0 0 0 0 0 0 0 0 0 0 0 0 0 0 0 ]
x87=[0 0 0 0 0 0 0 0 0 0 0 0 0 0 0 0 0 0 0 0 0 0 0 0 ]
x88=[0 0 0 0 0 0 0 0 0 0 0 0 0 0 0 0 0 0 0 0 0 0 0 0 ]
x89=[0 0 0 0 0 0 0 0 0 0 0 0 0 0 0 0 0 0 0 0 0 0 0 0 ]
x90=[0 0 0 0 0 0 0 0 0 0 0 0 0 0 0 0 0 0 0 0 0 0 0 0 ]
x91=[0 0 0 0 0 0 0 0 0 0 0 0 0 0 0 0 0 0 0 0 0 0 0 0 ]
x92=[0 0 0 0 0 0 0 0 0 0 0 0 0 0 0 0 0 0 0 0 0 0 0 0 ]
x93=[0 0 0 0 0 0 0 0 0 0 0 0 0 0 0 0 0 0 0 0 0 0 0 0 ]
x94=[228 0 0 0 0 0 0 0 0 0 0 0 0 0 280 0 0 122 0 2 9 14 429 660 ]
x95=[0 0 0 0 0 0 0 0 0 0 0 96 0 0 0 0 0 0 0 0 0 0 0 0 ]
x96=[0 0 0 0 0 0 0 0 0 0 0 0 0 0 0 0 0 1 0 0 0 667 0 0 ]
x97=[0 0 0 0 0 0 0 0 0 0 0 0 0 0 0 0 0 0 0 0 0 2 430 0 ]
x98=[0 0 0 0 0 0 0 0 0 0 0 0 0 0 0 0 0 0 0 0 0 0 0 0 ]
x99=[0 0 0 0 0 0 0 0 0 0 0 0 0 0 0 0 0 0 0 0 0 0 0 0 ]
x100=[0 0 0 0 0 0 0 0 0 0 0 0 0 0 0 0 0 0 0 0 0 0 0 0 ]
x101=[229 0 1 11 2 17 14 17 17 1 191 97 62 0 8 1 10 1 0 693 20 3 430 658 ]
x102=[212 0 0 7 1 3 14 544 325 0 107 119 0 560 279 16 0 2 0 2 0 164 0 0 ]
x103=[212 0 0 0 1 0 0 544 325 0 0 2 0 0 279 0 0 0 0 693 0 667 0 0 ]
x104=[212 50 0 6 3 3 0 2 335 18 107 2 0 560 254 0 2 2 0 693 528 669 0 661 ]
x105=[212 47 0 0 15 0 0 546 2 15 107 2 0 0 254 0 0 16 0 693 0 667 431 658 ]
x106=[212 50 2 1 3 3 0 544 325 18 107 2 0 560 2 1 2 1 0 2 6 667 429 661 ]
x107=[0 0 0 0 0 0 0 0 0 0 109 0 0 0 251 2 0 0 0 0 1 667 0 0 ]
x108=[0 0 0 91 0 0 2 0 7 0 190 0 0 0 1 0 9 122 0 8 0 1 429 0 ]
x109=[0 0 0 0 0 0 0 0 0 0 0 0 0 0 0 0 0 0 0 0 0 0 0 0 ]
x110=[0 0 0 0 0 0 0 0 0 0 0 0 0 0 0 0 0 0 0 0 0 0 0 0 ]
x111=[0 0 0 0 0 0 0 0 0 0 0 0 0 0 0 0 0 0 0 0 0 0 0 0 ]
x112=[6 1 0 91 18 16 9 18 0 4 107 110 0 0 0 1 0 127 0 693 1 667 436 658 ]
x113=[0 0 0 0 0 0 0 0 0 0 0 0 0 0 0 0 0 0 0 0 0 0 0 0 ]
x114=[0 0 0 0 0 0 0 0 0 0 0 0 0 0 0 0 0 0 0 0 0 0 0 0 ]
x115=[4 47 0 0 0 0 6 0 0 0 0 96 2 560 279 3 0 0 0 0 0 1 0 0 ]
x116=[0 0 0 0 0 0 0 0 0 0 0 0 0 0 0 0 0 0 0 0 0 0 0 0 ]
x117=[0 0 0 0 0 0 0 0 0 0 0 0 0 0 0 0 0 0 0 0 0 0 0 0 ]
x118=[0 0 0 0 0 0 0 0 0 0 0 0 0 0 0 0 0 0 0 0 0 0 0 0 ]
x119=[15 0 0 20 1 0 11 0 16 0 0 119 0 0 279 0 0 0 0 693 0 667 8 0 ]
x120=[15 0 0 0 2 0 0 1 16 0 0 96 0 0 0 0 0 7 0 2 33 667 0 0 ]
x121=[1 0 0 3 0 0 0 0 0 0 0 0 0 0 279 0 0 122 0 693 0 667 0 0 ]
x122=[0 0 0 0 0 0 0 0 0 0 1 96 0 0 279 0 2 0 0 0 5 667 0 0 ]
x123=[0 0 0 0 0 0 0 0 0 0 0 0 0 0 0 0 0 0 0 0 0 0 0 0 ]
x124=[0 0 0 0 0 0 6 0 0 0 0 96 14 0 0 0 0 0 0 693 0 667 0 0 ]
x125=[0 0 0 0 0 0 0 0 0 0 0 0 0 0 0 0 0 0 0 0 0 0 0 0 ]
x126=[0 0 0 0 0 0 0 0 0 0 0 0 0 0 0 0 0 0 0 0 0 0 0 0 ]
x127=[0 0 0 0 0 0 0 0 0 0 0 0 0 0 0 0 0 0 0 0 0 0 0 0 ]
x128=[0 0 0 0 0 0 6 0 0 0 0 96 0 0 0 0 8 122 0 0 537 667 0 0 ]
x129=[0 0 0 0 0 0 0 0 0 0 0 0 0 0 0 0 0 0 0 0 0 0 0 0 ]
x130=[0 0 0 0 0 0 0 0 0 0 0 0 0 0 0 0 0 0 0 0 0 0 0 0 ]
x131=[0 0 0 0 0 0 0 0 0 0 0 0 0 0 0 0 0 0 0 0 0 0 0 0 ]
x132=[0 0 0 0 0 0 0 0 0 0 0 0 0 0 0 0 0 0 0 0 0 0 0 0 ]
x133=[0 0 0 0 0 0 0 0 0 0 0 0 0 0 0 0 0 0 0 0 0 0 0 0 ]
x134=[0 0 0 0 0 0 0 0 0 0 0 0 0 0 0 0 0 0 0 0 0 0 0 0 ]
x135=[0 0 0 0 0 0 0 0 0 0 0 0 0 0 0 0 0 0 0 0 0 0 0 0 ]
x136=[0 0 0 0 0 0 0 0 0 0 0 0 0 0 0 0 0 0 0 0 0 0 0 0 ]
x137=[0 0 0 0 0 0 0 0 0 0 0 0 0 0 0 0 0 0 0 0 0 0 0 0 ]
x138=[0 0 0 0 0 0 1 0 0 0 0 0 0 0 251 0 0 0 0 0 0 0 0 0 ]
x139=[0 0 0 0 0 0 0 0 0 0 0 0 0 0 0 0 0 0 0 0 0 0 0 0 ]
x140=[0 0 0 0 0 0 0 0 0 0 0 0 0 0 0 0 0 0 0 0 0 0 0 0 ]
x141=[0 0 0 0 0 0 0 0 0 0 0 0 0 0 0 0 0 0 0 0 0 0 0 0 ]
x142=[0 0 0 0 0 0 0 0 0 0 0 0 0 0 0 0 0 0 0 0 0 0 0 0 ]
x143=[0 0 0 0 0 0 0 0 0 0 0 0 0 0 0 0 0 0 0 0 0 0 0 0 ]
x144=[0 0 0 0 0 0 0 0 0 0 0 0 0 0 0 0 0 0 0 0 0 0 0 0 ]
x145=[0 0 0 0 0 0 0 0 0 0 0 0 0 0 0 0 0 0 0 0 0 0 0 0 ]
x146=[0 0 0 0 0 0 0 0 0 0 0 0 0 0 0 0 0 0 0 0 0 0 0 0 ]
x147=[0 0 0 0 0 0 0 0 0 0 0 0 0 0 0 0 0 0 0 0 0 0 0 0 ]
x148=[0 0 0 0 0 0 0 0 0 0 0 0 0 0 0 0 0 0 0 0 0 0 0 0 ]
x149=[0 0 0 0 0 0 0 0 0 0 0 0 0 0 0 0 0 0 0 0 0 0 431 0 ]
x150=[0 0 0 0 0 0 0 0 0 0 0 0 0 0 0 0 0 0 0 0 0 0 429 0 ]
x151=[0 0 0 0 0 0 0 0 0 0 0 0 0 4 0 12 0 0 0 0 0 0 429 0 ]
x152=[0 0 0 0 0 0 0 0 0 0 0 0 0 0 0 0 0 0 0 0 0 0 0 0 ]
x153=[0 0 0 0 0 0 0 0 0 0 0 0 0 0 0 0 0 0 0 0 0 0 0 0 ]
x154=[0 0 0 0 0 0 0 0 0 0 0 0 0 0 0 0 0 0 0 0 0 0 0 0 ]
X = [ones(24,1),x1',x2',x3',x4',x5',x6',x7',x8',x9',x10',x11',x12',x13',x14',x15',x16',x17',x18',x19',x20',x21',x22',x23',x24',x25',x26',x27',x28',x29',x30',x31',x32',x33',x34',x35',x36',x37',x38',x39',x40',x41',x42',x43',x44',x45',x46',x47',x48',x49',x50',x51',x52',x53',x54',x55',x56',x57',x58',x59',x60',x61',x62',x63',x64',x65',x66',x67',x68',x69',x70',x71',x72',x73',x74',x75',x76',x77',x78',x79',x80',x81',x82',x83',x84',x85',x86',x87',x88',x89',x90',x91',x92',x93',x94',x95',x96',x97',x98',x99',x100',x101',x102',x103',x104',x105',x106',x107',x108',x109',x110',x111',x112',x113',x114',x115',x116',x117',x118',x119',x120',x121',x122',x123',x124',x125',x126',x127',x128',x129',x130',x131',x132',x133',x134',x135',x136',x137',x138',x139',x140',x141',x142',x143',x144',x145',x146',x147',x148',x149',x150',x151',x152',x153',x154']
[b,bint,r,rint,s]=regress(y',X)